Ron Weasley birthday
307622246900441089
303752913380048896
307261754851864576
307349038309732352
307513329222553600
307519343858688000
307577934087069697
307587392213221376
307600201642811392
307610326663327745
Merging of US Air and American
306484059603877889
308265611186798592
32811380801282049
299579664794529792
300602110259630080
301819553120399360
309163758461284352
315717018718457858
315732483134083072
308701231583490048
muscle pain from statins
306712133272477696
303616678170857472
312995687178567681
306130492338626560
33642490078691328
311233077068300289
32453406425616384
313189862478053376
300607135056797697
314412577599938560
Hubble oldest star
309759852958343169
310831258563391488
29582349108776960
29602062153023488
29619667924422656
302652789375508481
302653900866084864
302858033468416000
624335857399558144
317890398028701696
commentary on naming storm Nemo
306154009817931776
29631260305391616
299977859412418562
300262048674234369
300019697611579392
299626594861998080
300012684743700480
299686581764255744
299693573677383684
299619422589554688
book club members
312690098569371648
299735852274298881
303947151577333762
309692681175580672
312521051374510081
307616026743427072
305391133020803075
314730296144715776
316190018785931264
297457028195037184
Boko Haram kidnapped French tourists
303882156642545664
303883662410256384
303900389294624768
303934778401505282
304024968512040960
304030429487439872
303884190905147393
303912020112207872
304154308281237504
303921176273641472
Tiger Woods regains title
310884069028294656
311061601342078976
313667555963305985
31675360097599488
310900640735977472
31648201748520961
31574200246341633
31577262197317633
312000164921495552
31673243798609920
care of Iditarod dogs
32196887037616128
32479664446382080
30344844010332160
311069063025676288
315041433813938176
307893136036872192
32170108776357888
32323030373892096
32256116758945792
32498147473235968
Sherlock Elementary BBC CBS
28965792812892160
28967095878287360
28967672074993664
28967914417688576
28968479176531969
28968581949558787
28969422056071169
28971749961891840
28973080491589632
28974862038994945
Costa Concordia shipwreck
624884153620807680
300983141810728960
28965792812892160
28967095878287360
28967672074993664
28967914417688576
28968479176531969
28968581949558787
28969422056071169
28971749961891840
Chinua Achebe death
310308052702224384
310925164835663872
34976704363503616
297362610221895681
310359151886884865
315091757060734977
29562476559335424
302749681996414978
308619182642167808
308619182608621568
Evernote hacked
28965792812892160
28967095878287360
28967672074993664
28967914417688576
28968479176531969
28968581949558787
28969422056071169
28971749961891840
28973080491589632
28974862038994945
Election of Hugo Chavez successor
311184028881539072
309311863550791680
623062181484064768
314250291606347776
310218869212065792
310435144286756864
310585828856459264
309241416016621568
309273313698516992
301303095915339776
National Zoo Panda insemination
318309216043532288
28965792812892160
28967095878287360
28967672074993664
28967914417688576
28968479176531969
28968581949558787
28969422056071169
28971749961891840
28973080491589632
Dorner truck compensation
304331316302848000
315296153895854082
624821574571462656
625608962893725696
315674463339429890
624987174094548992
311873752814206977
316274907300392960
625019453475004416
311691187348201475
Pope washed Muslims feet
317159150452895744
317255392960864256
317339346149707776
317284274942386177
317261504065974273
317334048768929793
317357687832723456
317266902131032064
317327283360768000
317327044247707648
Bombing police headquarters Kirkuk
30653164818534400
297974659826200577
29148548893253633
30527799424983041
31456126100836352
302399717667647488
303351463969697792
29689739560878080
30092659175464960
297341298950672386
injuries by pets
302414284489625600
623115403007365121
302301331857739776
302301495460765696
302302791483944960
302308231487827969
302308567044734976
302315365990551552
302309946974953472
623898227910164484
Organized crime sports doping Australia
299408742678675458
30195703720448001
30614030007664641
303937404040011776
299312466645643265
316197451096784898
625991646983753728
29443820294770688
34653300397707264
316076822922141696
Irish laundries apology
303963391918211072
298850292097757184
303951584986034176
298858282234290177
303999353905876993
303870416815009793
303870425191026688
303873067619340288
303748769403502592
303748882666487808
whooping cough epidemic
304648900600545281
32973061993005056
299554486383427584
307489383928438784
310999647260925952
305871074657202176
299304157712629761
306149526115348481
307482706588090368
302492583723167744
Bulgarian protesters self immolate
33384623333441536
302255160963497984
316515593249488896
29072661762023424
29470861052354560
624845582796877824
29350697359118337
303518841856729088
310721497801031681
306944149582663680
cherry blossom Washington
298412222214967298
309411910284099584
314361432248549376
308615898493747200
304994393813819392
311643514863767553
297438053138587648
315115526164725760
317843946107723777
313849605534138368
Argo wins Oscar
28965792812892160
28967095878287360
28967672074993664
28967914417688576
28968479176531969
28968581949558787
28969422056071169
28971749961891840
28973080491589632
28974862038994945
US fines Google over Street View
302512846418362369
30655803581009920
31654224773251072
34409413359960064
35057300112805888
303814729019842560
297460773683339264
302533570474414081
29152079591247872
29491383353999360
Mad Men season 6
311203779859079168
311247945876004866
311908016096178177
311221257515450368
311434714047197184
301980903817756673
311379361808920576
311652868161695744
310409361891684353
311302694134501376
Hostess bought by Apollo
298036781679509505
303072068772175873
308365305581801473
308516384424488960
308543722906320896
300180846936211456
303901018457001986
306158321562447872
307504563097837568
307577489461485568
Ed Koch death
310308052702224384
310925164835663872
34976704363503616
297362610221895681
310359151886884865
315091757060734977
29562476559335424
302749681996414978
308619182642167808
308619182608621568
UK passes marriage bill
299150650409902080
298879182438531072
298880713376280576
298886522470539265
298903350026567683
298889429140000769
298971901726973953
298887017427783680
298923977643016192
299000968262082560
Higgs Boson discovery
312615754568699906
312179203002990592
302696468844781569
312004250211332097
312743378838233088
312926003028688897
309883618476580865
33577517885427712
309551253459968000
312238451732910081
Boko Haram Amnesty opposition
301574165381664768
298879186637049858
298893224980914176
302136466375602176
310954789179650048
310990424011583488
624882337487130624
298880570782527488
298955715912036352
299355097543110656
Eastern Australia Floods
28965792812892160
28967095878287360
28967672074993664
28967914417688576
28968479176531969
28968581949558787
28969422056071169
28971749961891840
28973080491589632
28974862038994945
Sotomayor prosecutor racial comments
306094610072088576
307076064612589568
306238453740359680
306117963956768768
306238197887803392
306830999831056384
306137941439303680
34921291089711104
306433698578964480
306214390988935168
Port Said football riot death sentences
310395034170187778
310336670404849664
310337588965801985
310355523818123265
310697514770776065
310312792248954880
310317687014293504
310712572338913281
310423429612462081
310356681429241856
yarn bombing
301021117030748160
309224152244559872
307267480076836864
311982204928524288
312302838502002688
304173144883728384
313666683552288768
300353161535832064
301004054606270465
312324980220248065
David Cameron apology Amritsar
315264998605746176
298893879300726784
303963391918211072
315152503161356290
315157825724768256
315262863709184000
298957347492093953
303945964593496064
305725792325885952
298858282234290177
Olympics drops wrestling
28965792812892160
28967095878287360
28967672074993664
28967914417688576
28968479176531969
28968581949558787
28969422056071169
28971749961891840
28973080491589632
28974862038994945
Chelyabinsk meteor damage
302424954803212289
302741620539916289
302741620531539969
302741620539916288
304363817947774978
302321766511046656
302416482300735490
302471528346447873
302569289192464384
302309946974953472
arrest of Craig Wilson for driveby shooting in DC
312681647080349696
308239791055581184
311152257037135873
311284792832438274
311108422357630976
311390082441547777
314448283714072577
314367258149404673
32064376613638145
303224556905193472
Downton Abbey Lady Mary beau
308609464427225089
304749857497829376
28965792812892160
28967095878287360
28967672074993664
28967914417688576
28968479176531969
28968581949558787
28969422056071169
28971749961891840
Kate Middleton maternity wear
302247254687883264
313420574380658688
307628135715840000
306083016999043072
307880519532679170
308757921821491200
316919827669348353
309772209382100993
305319271989403648
307869165568540672
US Embassy in Ankara bombed
31768073216204800
302450003161542656
307261188641792000
625553015068426241
30066056034779137
302297716371910656
28981073769660416
32894495481667585
33199567616868352
34016228007743488
Common Core math
32133341700427776
311651081421737984
300786932257013760
315955712373170177
304451957056217088
301074544070889473
302958096962162689
303951324909805568
301772165886382082
303364378202370049
snow blower problems
300145518326206465
300255560090136576
299914827411910656
301325724172832769
299926500172513280
300243975405715456
300267702604414976
300275386577743876
300312782983794689
304719096447127553
Type II diabetes research
309303655281070082
313991666598027267
300195904512724992
301014066422493184
306141624042389504
306993772393295873
313674946352148480
304980976239513602
313782165328494592
308891543954145280
Pope candidates
311462052499685376
301037961380786179
301278236283924481
302939847532896256
309529870889779200
311496445788303363
311538107818336256
301021624558301185
309479404994707456
311431975149924352
Sinkhole rescues
28965792812892160
28967095878287360
28967672074993664
28967914417688576
28968479176531969
28968581949558787
28969422056071169
28971749961891840
28973080491589632
28974862038994945
Russian meteorite conspiracy
302924345389486080
302953214779744256
303189907743072256
302664126575017984
302737430417641474
302919190606643200
304979915080613889
32212892514254848
298273868911607808
302320294310322177
Shahbag protest
33199567616868352
30728757538988032
30997594171768833
31196853986926592
31378267915161600
31414777767010304
33122802781392896
304206661583794176
304226513216208896
310925164835663872
HIV baby cured
308381843730857985
308533321011433472
309297992958083072
308365305581801473
308516384424488960
308543722906320896
308580985077891072
308601373589651457
308623959950237696
308676195799683072
Oz The Great and Powerful opens
32205570236747776
298278918820085761
315273957618089985
30856188946022400
31910248801370112
31916717202481153
31954382132088832
33257909794115584
34471727304015875
34686923289137152
dog off leashed
307514012894130178
300122931999154176
300310631314227200
314393753571950593
303741475517243392
299327402562183168
303138967929380864
307029906305478657
301791514231717888
314247682745061376
dark pool trading
317331309884239874
317298074215120897
306464103105441792
313863522255790081
309744560542715904
309733609185619968
299219806081650691
30711295409917952
298246819815763971
306084707341316097
Barbara Walters chicken pox
297674112782962688
299223337677250560
306443022537719808
309178790842626048
304829897384288256
32205570236747776
308862632629260288
308694793335209984
32362555506692096
32362555540250626
